 1017.0      3   20.0   16.1     78  11.44     40      1  291.7  324.3  293.8
 1000.0    149   19.8   13.8     68  10.01     50      7  292.9  321.7  294.7
  925.0    819   18.4   11.4     64   9.23    330     13  298.1  325.3  299.8
  922.0    847   18.4   11.4     64   9.26    329     11  298.4  325.7  300.1
  914.8    914   17.9   10.8     64   8.99    325      7  298.5  325.1  300.1
  909.0    969   17.4   10.4     63   8.78    334      7  298.6  324.5  300.2
  851.7   1524   13.9    6.9     63   7.38     70      3  300.5  322.7  301.9
  850.0   1541   13.8    6.8     63   7.34     85      6  300.6  322.6  301.9
  849.0   1551   13.6    6.6     63   7.25     83      6  300.5  322.2  301.8
  842.0   1621   13.6    0.6     41   4.77     72      6  301.2  315.8  302.1
  815.0   1895   15.4  -17.6      9   1.18     25      7  305.9  309.9  306.1
  792.0   2134   14.1  -18.7      9   1.11    345      7  307.0  310.8  307.2
  763.7   2438   12.4  -20.1      9   1.02    340      8  308.4  311.9  308.6
  717.0   2965    9.4  -22.6      9   0.87      9      5  310.7  313.8  310.9
  700.0   3163    7.8  -21.2     11   1.01     20      4  311.1  314.6  311.3
  699.0   3175    7.8  -22.2     10   0.93     19      4  311.2  314.5  311.4
  678.0   3425    4.8    1.6     80   6.38    347      4  310.6  330.6  311.8
  663.0   3608    3.2    1.8     91   6.62    324      4  310.8  331.5  312.0
  626.0   4073    0.4   -3.8     73   4.64    265      5  312.7  327.6  313.6
  611.0   4267   -0.9   -2.8     87   5.11    240      5  313.4  329.8  314.3
  609.0   4294   -1.1   -2.7     89   5.18    242      5  313.5  330.1  314.4
  554.0   5044   -6.1  -15.1     49   2.15    287      9  316.1  323.4  316.6
  544.3   5182   -7.3  -12.7     65   2.66    295     10  316.4  325.3  316.9
  534.0   5331   -8.5  -10.1     88   3.34    285     10  316.6  327.7  317.2
  523.4   5486   -9.6  -12.0     82   2.93    275     10  317.1  326.9  317.7
  520.0   5537   -9.9  -12.6     81   2.81    273     11  317.3  326.7  317.9
  513.0   5642   -9.5  -20.5     40   1.47    268     12  319.0  324.2  319.3
  500.0   5840  -10.5  -25.5     28   0.97    260     14  320.2  323.7  320.4
  491.0   5980  -11.5  -32.5     16   0.51    268     14  320.6  322.5  320.7
  483.6   6096  -12.6  -21.6     47   1.42    275     14  320.6  325.6  320.9
  483.0   6105  -12.7  -20.7     51   1.53    276     14  320.6  326.0  320.9
  459.0   6492  -15.7  -19.1     75   1.85    312      8  321.6  328.1  322.0
  449.0   6658  -15.7  -45.7      6   0.14    327      5  323.6  324.2  323.7
  444.0   6743  -16.1  -50.1      4   0.09    335      4  324.2  324.5  324.2
  433.0   6931  -17.9  -23.9     59   1.29    353      1  324.2  328.8  324.5
  428.4   7010  -18.1  -26.2     49   1.06      0      0  324.9  328.7  325.1
  422.0   7123  -18.5  -29.5     37   0.79    337      2  325.8  328.8  326.0
  400.0   7520  -22.1  -33.1     36   0.59    255      9  326.2  328.4  326.3
  391.0   7687  -23.3  -49.3      7   0.11    255     10  326.7  327.2  326.8
  380.0   7894  -25.1  -36.1     35   0.46    255     11  327.0  328.8  327.1
  378.4   7925  -25.4  -38.1     29   0.38    255     11  327.1  328.5  327.1
  368.0   8126  -27.3  -51.3      8   0.09    245     12  327.1  327.5  327.1
  362.7   8230  -28.2  -46.3     16   0.17    240     13  327.3  327.9  327.3
  353.0   8424  -29.9  -36.9     51   0.46    227     12  327.5  329.3  327.6
  347.6   8534  -30.8  -38.8     45   0.39    220     12  327.8  329.3  327.9
  342.0   8648  -31.7  -40.7     41   0.32    220     15  328.1  329.3  328.1
  332.8   8839  -33.1  -39.9     51   0.36    220     20  328.7  330.1  328.8
  312.0   9290  -36.5  -38.1     85   0.46    231     26  330.1  331.9  330.2
  304.9   9449  -37.8  -40.9     73   0.35    235     28  330.5  331.9  330.5
  300.0   9560  -38.7  -42.8     65   0.29    250     33  330.7  331.9  330.8
  294.0   9698  -39.7  -46.7     47   0.20    250     32  331.2  332.0  331.2
  291.6   9754  -40.2  -47.2     47   0.19    250     32  331.2  332.0  331.3
  275.0  10149  -43.9  -50.9     46   0.13    252     40  331.5  332.1  331.5
  270.0  10271  -44.9  -51.9     45   0.12    253     43  331.8  332.3  331.8
  250.0  10780  -47.7  -55.7     39   0.08    255     54  335.0  335.4  335.0
  233.0  11242  -51.1  -59.1     38   0.06    255     59  336.7  336.9  336.7
  231.7  11278  -51.1  -61.6     27   0.04    255     59  337.2  337.4  337.2
  226.0  11441  -51.1  -73.1      6   0.01    255     56  339.6  339.7  339.6
  209.0  11947  -53.7  -71.7      9   0.01    255     47  343.2  343.3  343.2
  201.2  12192  -53.9  -73.6      7   0.01    255     43  346.7  346.8  346.7
  200.0  12230  -53.9  -73.9      7   0.01    250     44  347.2  347.3  347.2
  184.0  12763  -54.1  -78.1      4   0.00    246     44  355.3  355.3  355.3
  166.0  13411  -57.4  -80.9      4   0.00    240     44  360.3  360.4  360.4
  150.7  14021  -60.5  -83.6      3   0.00    260     44  365.1  365.1  365.1
  150.0  14050  -60.7  -83.7      3   0.00    245     48  365.3  365.3  365.3
  143.4  14326  -62.2  -84.3      4   0.00    245     48  367.4  367.4  367.4
  129.8  14935  -65.5  -85.7      5   0.00    250     38  372.1  372.1  372.1
  117.5  15545  -68.9  -87.1      6   0.00    250     53  376.6  376.6  376.6
  116.0  15623  -69.3  -87.3      6   0.00    240     61  377.2  377.2  377.2
  115.0  15675  -69.4  -87.4      6   0.00    240     62  378.0  378.0  378.0
  111.7  15850  -69.7  -87.7      6   0.00    240     62  380.7  380.7  380.7
  100.0  16510  -70.7  -88.7      6   0.00    215     53  390.9  390.9  390.9
   95.8  16764  -71.4  -88.7      6   0.00    215     56  394.3  394.3  394.3
   95.0  16815  -71.5  -88.7      6   0.00    205     37  395.0  395.0  395.0
   94.1  16871  -71.7  -88.7      6   0.00    210     33  395.8  395.8  395.8
   93.0  16941  -71.6  -88.8      6   0.00    215     31  397.2  397.2  397.2
   84.0  17546  -71.2  -89.3      5   0.00    225     37  409.9  409.9  409.9
   81.0  17762  -71.0  -89.5      5   0.00    205     35  414.5  414.5  414.5
   73.0  18381  -70.5  -90.1      4   0.00    210     39  428.1  428.1  428.1
   70.0  18630  -70.3  -90.3      4   0.00    195     43  433.7  433.7  433.7
   65.0  19072  -70.0  -90.2      4   0.00    165     29  443.6  443.6  443.6
   62.0  19355  -69.8  -90.2      4   0.00    180     21  450.0  450.0  450.0
   57.0  19857  -69.5  -90.2      4   0.00    135     13  461.7  461.7  461.7
   56.0  19962  -69.4  -90.2      4   0.00    150      4  464.2  464.2  464.2
   54.0  20179  -69.3  -90.1      3   0.00    175     10  469.4  469.4  469.4
   52.0  20405  -69.1  -90.1      3   0.00    125     11  474.8  474.8  474.8
   51.5  20462  -69.1  -90.1      3   0.00    135     11  476.2  476.2  476.2
   50.0  20640  -67.7  -90.7      3   0.00    165     10  483.5  483.6  483.5
   48.4  20836  -65.1  -89.1      2   0.00    185     11  494.2  494.2  494.2
   48.0  20887  -65.0  -89.1      2   0.00    190     11  495.7  495.7  495.7
   46.0  21147  -64.4  -89.2      2   0.00    175     16  503.2  503.2  503.2
   45.0  21281  -64.1  -89.2      2   0.00    160     12  507.1  507.1  507.1
   44.0  21418  -63.8  -89.2      2   0.00    145      4  511.1  511.2  511.1
   43.0  21558  -63.4  -89.3      2   0.00    180     13  515.3  515.3  515.3
   42.6  21615  -63.3  -89.3      2   0.00    174     12  517.0  517.0  517.0
   42.0  21704  -62.3  -88.9      2   0.00    165     11  521.7  521.7  521.7
   38.9  22181  -56.7  -86.7      1   0.01    163     11  547.3  547.4  547.3
   36.0  22675  -55.2  -85.6      1   0.01    160     10  563.5  563.6  563.5
   32.4  23347  -53.1  -84.1      1   0.01    235      8  586.2  586.3  586.2
   30.0  23840  -54.1  -84.1      1   0.01    290      6  596.6  596.7  596.6
   25.5  24882  -55.1  -84.1      2   0.01    290      8  622.1  622.2  622.1
   23.0  25548  -53.5  -83.8      1   0.02    290     10  645.4  645.6  645.4
   20.0  26450  -51.3  -83.3      1   0.02    280      2  678.4  678.6  678.4
   19.4  26648  -51.3  -83.3      1   0.02    269      3  684.3  684.5  684.3
   16.5  27715  -44.7  -79.7      1   0.04    211     11  738.0  738.5  738.1
   16.0  27921  -44.4  -79.6      1   0.04    200     12  745.6  746.1  745.7
   14.5  28582  -43.3  -79.3      1   0.05                770.5  771.1  770.5
   14.0  28818  -43.5  -79.5      1   0.05                777.6  778.2  777.6
